<Results>
net1 ,Cost : 27
(1,14,15) (1,13,15) (1,12,15) (1,11,15) (1,10,15) (1,9,15) (1,8,15) (1,7,15) (1,6,15) (1,6,14) (1,6,13) (1,6,12) (1,6,11) (1,6,10) (1,6,9) (1,6,8) (1,6,7) (1,6,6) (1,7,6) (1,8,6) (1,9,6) (1,10,6) (1,10,5) (1,10,4) (1,10,3) (1,10,2) (1,10,1) 

net1 ,Cost : 13
(2,5,18) (2,6,18) (2,7,18) (2,8,18) (2,9,18) (2,10,18) (2,11,18) (2,12,18) (2,13,18) (2,14,18) (2,14,17) (2,14,16) (2,14,15) 

net1 ,Cost : 23
(1,10,1) (1,9,1) (1,8,1) (1,7,1) (1,6,1) (1,5,1) (1,5,2) (1,5,3) (1,5,4) (1,5,5) (1,5,6) (1,5,7) (1,5,8) (1,5,9) (1,5,10) (1,5,11) (1,5,12) (1,5,13) (1,5,14) (1,5,15) (1,5,16) (1,5,17) (1,5,18) 

net2 ,Cost : 13
(2,12,6) (2,11,6) (2,10,6) (2,9,6) (2,8,6) (2,7,6) (2,6,6) (2,5,6) (2,4,6) (2,3,6) (2,2,6) (2,2,7) (2,2,8) 

net2 ,Cost : 13
(2,2,8) (2,3,8) (2,4,8) (2,5,8) (2,6,8) (2,6,7) (2,6,6) (2,7,6) (2,8,6) (2,9,6) (2,10,6) (2,11,6) (2,12,6) 

net3 ,Cost : 17
(1,3,15) (1,4,15) (1,5,15) (1,6,15) (1,6,14) (1,6,13) (1,6,12) (1,6,11) (1,6,10) (1,6,9) (1,6,8) (1,6,7) (1,6,6) (1,7,6) (1,8,6) (1,9,6) (1,9,5) 

net3 ,Cost : 22
(2,10,1) (2,9,1) (2,8,1) (2,7,1) (2,6,1) (2,5,1) (2,4,1) (2,4,2) (2,4,3) (2,4,4) (2,4,5) (2,4,6) (2,4,7) (2,4,8) (2,4,9) (2,4,10) (2,4,11) (2,4,12) (2,4,13) (2,4,14) (2,4,15) (2,3,15) 

net3 ,Cost : 20
(2,2,12) (2,3,12) (2,4,12) (2,5,12) (2,6,12) (2,6,11) (2,6,10) (2,6,9) (2,6,8) (2,6,7) (2,6,6) (2,7,6) (2,8,6) (2,9,6) (2,10,6) (2,10,5) (2,10,4) (2,10,3) (2,10,2) (2,10,1) 

net3 ,Cost : 15
(1,9,5) (1,8,5) (1,7,5) (1,6,5) (1,5,5) (1,4,5) (1,3,5) (1,2,5) (1,2,6) (1,2,7) (1,2,8) (1,2,9) (1,2,10) (1,2,11) (1,2,12) 

